0 0 0 0 0 0 0 0 0 0 0 0 0 0 0 14 0
0 0 0 0 0 0 0 0 0 0 0 0 0 0 0 0 0
0 0 0 32 0 0 0 0 0 0 58 0 46 43 0 0 0
0 0 32 0 0 0 7 0 0 0 0 0 0 0 0 0 0
0 0 0 0 0 0 0 0 0 0 0 0 0 0 64 0 0
0 0 0 0 0 0 0 0 0 0 0 0 0 0 0 0 0
0 0 0 7 0 0 0 0 0 0 0 0 97 0 0 0 0
0 0 0 0 0 0 0 0 0 0 0 57 0 0 0 0 0
0 0 0 0 0 0 0 0 0 0 0 0 0 0 0 0 91
0 0 0 0 0 0 0 0 0 0 0 0 0 0 0 0 0
0 0 58 0 0 0 0 0 0 0 0 0 0 0 0 37 0
0 0 0 0 0 0 0 57 0 0 0 0 0 0 0 0 0
0 0 46 0 0 0 97 0 0 0 0 0 0 0 0 0 0
0 0 43 0 0 0 0 0 0 0 0 0 0 0 0 0 0
0 0 0 0 64 0 0 0 0 0 0 0 0 0 0 0 0
14 0 0 0 0 0 0 0 0 0 37 0 0 0 0 0 0
0 0 0 0 0 0 0 0 91 0 0 0 0 0 0 0 0